25
2.50e11

 0.000e00  0.000e00  0.000e00  0.000e00  1.989e30  sun.png

 1.500e11  0.000e00  0.000e00  1.030e04  7.350e22  mars.png
-1.500e11  0.000e00  0.000e00 -1.030e04  7.350e22  mars.png
 0.000e00  1.500e11 -1.030e04  0.000e00  7.350e22  mars.png
 0.000e00 -1.500e11  1.030e04  0.000e00  7.350e22  mars.png
 1.061e11  1.061e11 -7.283e03  7.283e03  7.350e22  mars.png
-1.061e11 -1.061e11  7.283e03 -7.283e03  7.350e22  mars.png
 1.061e11 -1.061e11  7.283e03  7.283e03  7.350e22  mars.png
-1.061e11  1.061e11 -7.283e03 -7.283e03  7.350e22  mars.png

 1.000e11  0.000e00  0.000e00 -2.030e04  7.350e22  earth.png
-1.000e11  0.000e00  0.000e00  2.030e04  7.350e22  earth.png
 0.000e00  1.0000e11 2.030e04  0.000e00  7.350e22  earth.png
 0.000e00 -1.000e11 -2.030e04  0.000e00  7.350e22  earth.png
 7.070e10  7.070e10  1.4350e4 -1.435e04  7.350e22  earth.png
-7.070e10 -7.070e10 -1.4350e4  1.435e04  7.350e22  earth.png
 7.070e10 -7.070e10 -1.4350e4 -1.435e04  7.350e22  earth.png
-7.070e10  7.070e10  1.4350e4  1.435e04  7.350e22  earth.png

 2.279e11  0.000e00  0.000e00  2.410e04  6.419e23  jupiter.png
 0.000e00  2.279e11 -2.410e04  0.000e00  6.419e23  jupiter.png
-2.279e11  0.000e00  0.000e00 -2.410e04  6.419e23  jupiter.png
 0.000e00 -2.279e11  2.410e04  0.000e00  6.419e23  jupiter.png
 1.610e11  1.610e11  1.700e04 -1.700e04  6.419e23  jupiter.png
-1.610e11 -1.610e11 -1.700e04  1.700e04  6.419e23  jupiter.png
-1.610e11  1.610e11  1.700e04  1.700e04  6.419e23  jupiter.png
 1.610e11 -1.610e11 -1.700e04 -1.700e04  6.419e23  jupiter.png
