 8
 3.00e11
-0.900e11  0.000e00 0.000e00 -2.000e04 1.989e30 sun.png
 0.900e11  0.000e00 0.000e00  2.000e04 1.989e30 sun.png
-1.300e11  0.000e00 0.000e00 -8.000e04 5.974e23 earth.png
 1.300e11  0.000e00 0.000e00  8.000e04 5.974e23 earth.png
 0.000e00 -1.900e11 0.000e00 -2.000e04 1.989e29 sun.png
 0.000e00  1.900e11 0.000e00  2.000e04 1.989e29 sun.png
 0.000e00 -0.300e11 0.000e00 -8.000e04 5.974e27 earth.png
 0.000e00  0.300e11 0.000e00  8.000e04 5.974e27 earth.png

Creator of universe: John Son, COS 126, Spring 2004
