17
2.50e11
  0.0        0.0        0.0       0.0     1.989e30        sun.png
  0.0       16.0e10     2.0e4    -2.0e4   5.974e24        mars.png
-16.0e10     0.0        2.0e4     2.0e4   5.974e24        mars.png
  0.0      -16.0e10    -2.0e4     2.0e4   5.974e24        mars.png
 16.0e10     0.0       -2.0e4    -2.0e4   5.974e24        mars.png
  6.0e10     6.0e10    -5.0e3     5.0e4   5.974e27        venus.png
 -6.0e10     6.0e10    -5.0e4    -5.0e3   5.974e27        venus.png
 -6.0e10    -6.0e10     5.0e3    -5.0e4   5.974e27        venus.png
  6.0e10    -6.0e10     5.0e4     5.0e3   5.974e27        venus.png
 18.0e10    18.0e10    -1.0e4     1.0e2   6.419e23        mars.png
-18.0e10    18.0e10     1.0e2    -1.0e4   6.419e23        mars.png
-18.0e10   -18.0e10     1.0e4     1.0e2   6.419e23        mars.png
 18.0e10   -18.0e10    -1.0e2     1.0e4   6.419e23        mars.png
  0.0       23.0e10     1.0e4    -1.0e4   5.974e23        mars.png
-23.0e10     0.0        1.0e4     1.0e4   5.974e23        mars.png
  0.0      -23.0e10    -1.0e4     1.0e4   5.974e23        mars.png
 23.0e10     0.0       -1.0e4    -1.0e4   5.974e23        mars.png
